D3_TNSmagFC	D3_NSAFmagFC	D5_TNSmagFC	D5_NSAFmagFC	D7_TNSmagFC	D7_NSAFmagFC	D9_TNSmagFC	D9_NSAFmagFC	D11_TNSmagFC	D11_NSAFmagFC	D13_TNSmagFC	D13_NSAFmagFC	numprots	term
42.9087167443926	83.414699728092	16.57860789396	60.9801146259109	16.1854262874135	22.8000124231236	28.8145545292861	71.7037588711948	22.1079091087956	55.0204560124162	17.6841680829926	69.763623104806	55	cellular component assembly
25.9149389777546	39.6668012649499	11.6794158169436	28.9774755728185	10.4431170640816	16.4856755985137	18.3417692595145	41.4187488489039	15.6625976410208	31.3729938789951	11.8710632961151	40.0057197321184	38	protein-containing complex assembly
0.893747273679661	1.06209844096646	0.896092275411326	1.09991954774113	1.05286737256689	1.9237520881294	0.667246451162977	10.4298780912625	0.462711435600602	0.390674786638588	1.10077957010228	1.0391693847179	4	ribonucleoprotein complex assembly
11.9099412596902	20.7917094282766	5.33929559079153	16.0828534634691	6.43481932163638	9.10613886277502	11.2774176253078	19.6598275668837	7.83802445948616	12.9347010277116	13.3367508159109	38.7267741157094	24	cellular protein modification proce...
13.0890573634998	29.7114434772588	5.096635198536	14.1119337478051	6.67907944733149	9.72280750045723	7.53978235920223	23.5021786178677	5.24356209543723	11.0537357648062	6.92918662609945	23.911266502102	19	signal transduction
15.5916296906817	26.1550245177119	9.73508975877976	26.2828048929938	9.54580838457748	12.1000483711286	8.58473741562988	10.67276935835	7.41023133390876	14.8532213197813	9.37444882539135	26.7417949110859	25	catabolic process
15.7727087203999	31.9235765131966	9.12495715206208	55.0213020518646	12.417955031749	32.4187915587821	15.9007360901365	52.9526210522156	11.0193517317418	43.4295973739948	14.7320152666723	40.1960887223357	44	cellular nitrogen compound metaboli...
2.27829222469138	2.72131713124547	1.90325527421551	2.17137986275095	2.83219101007794	3.23932690883223	2.60209684750301	4.19825427837522	2.50520241384761	3.57413946465671	3.2841177210863	4.93819941521033	6	nucleobase-containing compound cata...
16.5409633654439	74.034440360465	7.63641960327878	58.8790117486765	9.73493669471805	20.6402019157001	12.7705240185206	54.0403663254233	8.68527812339157	26.3442480313765	14.7937271967466	74.7063785340099	32	cytoskeleton organization
3.88745866543032	4.11257747127097	3.06379757685951	8.56044108069676	2.45851103656221	1.83659573522961	1.99702763990298	1.60006002458793	0.933193234327225	1.05153558878015	2.00630072594822	1.70915338079434	7	carbohydrate metabolic process
10.9365100956836	27.2740439100524	3.65194566591092	32.3423001375777	1.75922049763467	2.27979250379738	5.45777279560739	11.0504612770446	3.10611206183414	2.67004038217065	4.30950607374187	12.4648593792875	11	cell cycle
10.7486679784925	27.0465952050797	3.51722505589244	32.2695423733649	1.44870173469709	2.07247299491919	5.06544160936756	10.5468474826818	2.73027207232639	2.39989260233028	3.83883289937963	11.7851597720356	10	mitotic cell cycle
2.09406347953802	3.11037287668781	1.80142368435836	7.61455238765957	1.58998057548778	2.48534461082227	4.33451082380349	5.68202626546014	2.00979535825389	3.42707908901682	2.57012414530925	8.5275233041812	4	DNA metabolic process
16.6970856182206	23.2850288239179	3.73789590192691	11.0327590982542	2.62318811341658	7.16983504695191	3.12455355713268	8.2228896819345	4.74515026004557	10.0444083512713	2.70605598785803	12.0760004585681	12	cell morphogenesis
20.8136864422398	31.6651482349056	12.0045084638018	53.2907742133129	15.9261849383932	36.6909173674469	19.8915074875685	59.4118960909357	16.0412700800315	48.6150681307447	18.1192409570477	41.4559415134857	50	biosynthetic process
2.64852774009263	2.76690619382256	2.99485464882645	3.36841228444061	2.1904552280723	2.42037793648212	3.42050504070122	3.7673057773038	4.29708734880127	4.97439170631468	4.00378875304719	4.55632608576779	6	lipid metabolic process
12.694334422582	17.8477115697723	6.98722608786852	11.0374104925777	8.44329028968308	23.0764404088244	9.64753913416108	22.6919185332665	9.85170609138867	22.8453171539625	9.83673939595731	13.571956740849	25	small molecule metabolic process
15.754463929887	27.4943525176737	4.80295173730251	17.1985109746355	5.86748023101155	12.0128079542702	6.00099904590393	15.4512298119852	6.82264054917691	18.1959918008575	7.37393560662034	30.7056151828598	17	anatomical structure formation invo...
17.5811981233908	39.8746455733635	8.19267379556891	19.1235238189215	9.09294453439007	12.5067070866924	14.209225105335	30.1661010784353	11.8105973286701	17.8301600885005	18.4567317041749	51.2733367470357	31	response to stress
1.49968865439384	2.15411792583912	0.533207800037449	0.516864060504799	1.51108486155564	1.42183617855624	2.32670999802794	2.49141686601836	1.67499654096224	3.29194412901978	3.7596963523132	3.94914657219045	3	embryo development
36.920554095673	86.6231245974137	15.5777796892136	35.5780532511416	13.5724219914239	19.2259352114672	25.2869624746169	44.9747620546495	20.2681784048479	45.3032868650017	21.4389403156403	70.010644841414	46	anatomical structure development
9.42313467217877	32.2645471409122	7.46965665092703	10.5200119515749	4.45540818331067	6.53604245591875	6.88714193149373	18.9315543199141	6.38646847988328	16.8702773196435	7.7546202574846	20.4187022056702	14	cell differentiation
6.03019615790632	10.8960655246191	3.57136403442121	37.8231766972932	6.48142276758051	10.2387848258294	7.40209175834687	30.8636852874461	5.62669255437841	25.5272671451707	8.12855365396596	24.6678713147359	22	translation
4.55428980721177	8.10245680959681	4.45330300358364	21.9062452199039	1.82304101379065	2.07650472567048	3.60041636366341	4.46405816108649	3.57243755477822	3.38318097140624	4.7474266551481	8.12546523057969	9	immune system process
15.7637556867928	38.3845308204651	8.05413572073123	19.7070412560108	10.9970358158326	21.5318146031741	10.4065305672856	32.570356501269	13.4364234307273	23.4811612307298	14.2608312212767	51.4232781777868	27	transport
9.07567585918104	22.7539938303098	2.50887823786182	9.10223657261897	4.51367692894812	14.4402150339906	4.93390388409754	22.203598840189	4.97064334100113	8.40557419767021	9.16799103164435	31.4591890941191	10	vesicle-mediated transport
3.30559865201652	5.38594552060206	1.01475888356247	1.80515750058678	1.77091725777674	7.1659458131513	2.49231750200777	5.85238200137959	4.11713310953227	9.50794031223252	3.31976170995008	6.42179402627066	7	generation of precursor metabolites...
0.851248874267002	0.903265723482049	0.675667343882884	0.890564424920371	1.2401954554559	1.29971778827229	0.938733338644817	0.953424923175601	0.509623187846371	0.503951318857778	1.58413471462008	1.59532283454963	5	cofactor metabolic process
0.120727921332559	6.31092173523034	0.0458516356233392	6.41412707438179	0.666223962192814	2.07278686008927	0.535289140081874	0.691443220585226	0.324309688867677	0.39031610114084	2.16909372486668	6.40243227187243	1	tRNA metabolic process
1.33319384826086	1.62015075192884	1.38541900773639	1.59935264675517	1.25460267565575	1.51979299054865	3.38841404872072	4.25927617295111	1.88770955095233	2.36290651483538	2.47287746877478	3.13326105276943	3	mRNA processing
6.29556462291732	11.4294958196057	2.73826608263685	2.56048486154609	2.54143412691284	2.70964771796243	4.60459747337798	4.55576554447874	3.34919041767097	8.48483775022073	5.33005969086417	11.1700122021199	11	protein folding
5.35880490336126	8.03191384996763	2.12038412562878	5.32295784488293	1.58745258522014	1.26125976365465	1.45040024249536	1.50149149720272	1.21966748269729	1.28689882986958	2.06425678979159	1.98842220313911	3	cellular amino acid metabolic proce...
0.483684316104298	0.600515356002108	0.479349809526032	0.505986549071844	1.26716916352679	1.40082824760497	0.143740840637019	0.926152325404857	0.513778887072075	1.15356207510428	0.405301645591903	1.31747783814123	2	protein targeting
8.45601293140378	11.6074098376863	2.24272931440472	3.57821601465293	3.03925641711139	4.62928437075399	3.87241588279986	4.96546663340085	2.69950579592272	4.32765421479117	4.21662132543522	21.2650891583138	10	membrane organization
4.21975964992987	5.63808921050638	2.08800018802072	1.46990658778151	2.47080324673204	1.83377245233515	2.94710802979475	2.63473387944918	2.13560417157879	2.36036629194159	3.10537522142304	4.88763224741727	7	homeostatic process
0.0830557397275582	0.126595502372962	0.61253815017952	0.71927510665204	0.446342137415751	0.489612741183322	0.106422059136155	0.11161005497104	0.257157839497124	0.296053862567459	0.193501807613943	0.201619939341196	2	nucleocytoplasmic transport
1.35028923107326	1.28393206670626	3.65207669657969	9.41785295206752	2.28528203133326	1.20921232246221	1.64849878972929	1.16369813301623	0.893024052307942	0.747494569314073	1.47265145658723	1.48118608236942	4	cell death
5.3923068558486	7.10490168891249	0.905060126955878	2.9301514871376	0.772087253584607	2.97741044018655	2.81861716747564	3.53476402544847	1.14984811231393	1.92673012116483	1.96845046290766	16.2814497106421	6	plasma membrane organization
0.998571007039785	1.05239021492886	0.237082327648159	0.282653188120745	0.00617271876647418	0.0215176337161305	0.060015304860741	0.0521241637490339	0.236023145344764	0.257664132792815	0.399073533311495	0.360435200760215	1	vacuolar transport
2.76204371356107	4.20748636145675	1.25550673882348	0.643038486831515	1.15584658148027	0.336477906859148	1.02211632015661	0.634450295151514	2.21538089336355	2.47843026422044	1.77996995618404	3.65590205436556	3	chromosome segregation
5.47902084510045	13.0851350295878	1.12397317518447	5.71789998096719	2.4803299262415	5.29939847249435	1.18957063873507	7.35038754816862	1.08818244770036	4.12207319802939	1.40186191786059	9.45982680359418	3	chromosome organization
1.30047278744818	2.36664296560182	0.992954273354842	1.16623933382097	0.798111234501006	1.02664660909468	1.35723930424632	2.06570177458836	0.934418393746188	1.00773796449328	1.52046674936228	11.2429785335824	4	cell-cell signaling
39.6689865603567	63.4207294559018	11.8864050427314	18.4778927717212	4.6792265280322	11.1846669817833	8.1211822492561	19.0920531982242	8.26533588410681	13.410544563816	8.46773433393112	18.4966280580854	23	cell adhesion
12.2730167060863	31.6905365340294	3.20861331973652	12.3382244167633	1.93215525767239	1.17743571264777	3.1862789847928	11.809356851486	3.16955635724436	11.4517361323653	4.96656489358762	15.233742442058	8	cell division
0.0963310557008485	1.14873235665669	0.0259729467664567	0.0101614284054143	0.0801911847486654	0.00524730571324561	0.292944511651647	0.288864610936127	0.0158858583300621	0.0874104177584512	0.0344043847172948	9.61944785965549	1	developmental maturation
0.349905343609819	0.354547899103684	1.22115481679222	1.27555113187661	1.07275454892805	1.16474416745003	0.663614928332204	0.704893287311178	1.21829871252128	1.35783923379163	1.47332157991908	1.68189064093035	3	aging
7.38844702023824	13.0566471583102	0.545662149212265	6.32481864931783	0.502993251771794	2.99479844748133	0.998937826704299	6.29159285970328	0.466102029512428	1.26777005484116	1.48293783552932	11.3159625408119	3	nervous system process
1.63290175607597	20.9110515386937	1.790474934246	10.6376575525673	2.02865764606537	1.77716434553736	3.160941191727	10.7816407378732	1.22775914585897	9.20926757123195	1.34895430978664	20.0231893599884	7	cell proliferation
0.324108949709499	0.894961118755924	0.692590446687649	0.877536817313611	0.771269236261195	0.770701617592871	0.644128905579666	0.699289298563674	1.13233212430633	1.22935381144751	0.892145139908147	0.999729489127715	3	mitochondrion organization
1.07996253599768	2.2652259577542	0.692728216566597	2.5648165613776	1.03978279206121	2.14351126848408	2.05480853457279	2.71206012830838	1.79752897344512	1.99576515166142	3.81454653362842	5.82090159622932	4	symbiont process
14.8387918746392	23.0324867217867	4.46848460567177	20.7029630879211	3.4481413878422	4.42760610657833	11.0182127754705	25.8279337262149	8.14238372818403	20.697669144177	4.71494513099666	21.0649818122494	14	cell motility
15.1421112092502	23.7489977690716	4.52920463424648	20.7029630879211	3.76442287897805	4.42760610657833	11.2156397565535	25.8279337262149	8.41684233956255	22.4135625147246	5.41574779425629	21.0649818122494	15	locomotion
0.89641167373727	1.01978682254148	1.55497321702487	1.72070154677799	2.01665583221139	2.07841917054106	1.69503432721079	1.81183444097483	3.42381497900002	3.60232773263857	1.12253679203492	1.29153534975843	5	transmembrane transport
1.85056640678002	2.01121466258859	0.830094453513951	0.903784610036906	1.25254712916194	2.18437804223476	1.15450994905562	1.50392901175434	0.875373345486255	1.1410180702702	0.947532580105864	1.2025753089313	2	protein maturation
0.320786581555956	0.384385628683908	0.166009951438929	0.206770439234125	0.54097448834382	0.683057789538797	0.375320182819858	0.394441533212059	0.394220956600148	0.372105353469182	0.633402261316311	0.739292840221513	2	sulfur compound metabolic process
10.4027083447383	6.97664325472273	2.64791351316431	4.13744910982745	1.8576569756107	2.63125754141726	2.47890426863052	5.82130111850945	3.74768222328693	8.42259757784482	3.10397076633872	4.40409590170768	8	extracellular matrix organization
5.93206397263927	7.87892798464574	1.24552720352736	2.37245427577401	1.15079159692692	2.39934829491738	1.07701454696243	0.691688959421565	1.12305972122555	2.03509388383378	2.18666583716807	8.56611741685118	3	cell junction organization
0.812433584054735	1.16795997035256	2.07935711940308	2.13210184597421	1.44914798686106	1.21344130206053	1.79830446279242	1.70284484180115	2.94046400770915	4.55352257909328	2.71357900423072	2.26712898183907	4	growth
0.253365689910678	0.229958366663406	0.397755015852276	0.450889500395248	0.108540866701913	0.128051010911307	0.430952480267138	0.450817407535153	1.34223159686494	1.38036885165036	0.304405627743128	0.35532339279478	1	secondary metabolic process
0.0546387308747853	0.649830428832127	0.0378590707658928	0.0950008916712628	0.408699156876487	0.35545183112647	0.128113758576	0.143580948108675	0.0589651223466818	0.0414786338702369	0.0812046930396493	0.0617966770140681	1	autophagy
1.01267120408464	1.11784322498281	0.549758109297326	0.6310967992737	0.226860833890674	0.250003398445909	0.213361045194511	0.373192403784488	1.31954650090705	6.75588902600854	0.638261197190921	6.04910795741234	1	cytoskeleton-dependent intracellula...
